target_lat = 32.881136091348665
target_long = -117.23563715815544

