num_waypoints = 4
target_lat = 32.881136091348665
target_long = -117.23563715815544
target_lat = 33.881136091348665
target_long = -118.23563715815544
target_lat = 34.881136091348665
target_long = -119.23563715815544
target_lat = 35.881136091348665
target_long = -120.23563755815544
